[cam1]
name = "cam1"
size = [ 540.0, 960.0]
matrix = [ [ 620.9263595913643, 0.0, 269.5], [ 0.0, 618.6764763490081, 479.5], [ 0.0, 0.0, 1.0]]
distortions = [ -0.18503127650385395, 0.17335884537975838, -0.00037785070414719525, -0.008496032263601122]
rotation = [ 0.5751814768596785, -0.1179439283887878, -1.5745493716115586]
translation = [ 0.12369928210468469, 0.34036903951449266, 2.7278611755505238]
fisheye = false

[cam2]
name = "cam2"
size = [ 540.0, 960.0]
matrix = [ [ 668.2451383042381, 0.0, 269.5], [ 0.0, 667.4370220883244, 479.5], [ 0.0, 0.0, 1.0]]
distortions = [ -0.21908021459290297, 0.21663169444492264, 0.0019327120078054495, -0.011522575827751956]
rotation = [ 0.3782721824621053, 0.14549127313404916, -1.561844083074846]
translation = [ -0.17845186398211133, 0.3479381040295148, 2.621053497266745]
fisheye = false

[cam3]
name = "cam3"
size = [ 540.0, 960.0]
matrix = [ [ 624.1109194772527, 0.0, 269.5], [ 0.0, 623.3617290384235, 479.5], [ 0.0, 0.0, 1.0]]
distortions = [ -0.17654591302113415, 0.14045965065609772, 0.0006216712496866913, 0.009596866260432223]
rotation = [ 0.01869775936446655, 0.5477568387033611, -1.5275518299082833]
translation = [ -0.4108496629974613, 0.2780932047351001, 2.770643560456018]
fisheye = false

[metadata]
adjusted = false
error = 0.0
